Perpustakaan_Floor|(240.1854, 226.158, -0.36)|(271.4404, 226.158, 0.0)
Ruang_Tamu_Floor|(294.4694, 243.513, -0.36)|(305.4944, 243.513, 0.0)
Lapangan_Basket_Floor|(321.4047, 226.1886, -0.36)|(363.4047, 226.1886, 0.0)
UKS_Floor|(352.9047, 249.2886, -0.36)|(363.4047, 249.2886, 0.0)
Gudang_Floor|(243.1817, 268.4601, -0.36)|(261.1818, 268.4601, 0.0)
Toilet_Pria_Floor|(243.1817, 293.1281, -0.36)|(252.1817, 293.1281, 0.0)
Toilet_Wanita_Floor|(252.1817, 293.1281, -0.36)|(261.1818, 293.1281, 0.0)
Kepsek_Floor|(264.8138, 268.4601, -0.36)|(278.3138, 268.4601, 0.0)
Ruang_Guru_Floor|(264.8138, 279.2523, -0.36)|(278.3138, 279.2523, 0.0)
Kelas_10_A_Floor|(287.6347, 268.584, -0.36)|(305.0722, 268.584, 0.0)
Kelas_10_B_Floor|(305.0722, 268.584, -0.36)|(322.5097, 268.584, 0.0)
Kelas_10_C_Floor|(322.5097, 268.584, -0.36)|(339.9472, 268.584, 0.0)
Kelas_10_D_Floor|(339.9472, 268.584, -0.36)|(357.3847, 268.584, 0.0)
Kelas_11_A_Floor|(287.6347, 287.966, -0.36)|(305.0722, 287.966, 0.0)
Kelas_11_B_Floor|(305.0722, 287.966, -0.36)|(322.5097, 287.966, 0.0)
Kelas_11_C_Floor|(322.5097, 287.966, -0.36)|(339.9472, 287.966, 0.0)
Kelas_11_D_Floor|(339.9472, 287.966, -0.36)|(357.3847, 287.966, 0.0)
Kelas_12_A_Floor|(287.6347, 307.343, -0.36)|(305.0722, 307.343, 0.0)
Kelas_12_B_Floor|(305.0722, 307.343, -0.36)|(322.5097, 307.343, 0.0)
Kelas_12_C_Floor|(322.5097, 307.343, -0.36)|(339.9472, 307.343, 0.0)
Kelas_12_D_Floor|(339.9472, 307.343, -0.36)|(357.3847, 307.343, 0.0)